linepalette1 <- c("#4DAF4A","#FF7F00","#377EB8","#E41A1C","#984EA3","#F781BF","#8DD3C7","#FB8072","#80B1D3","#FDB462","#B3DE69","#FCCDE5","#D9D9D9","#BC80BD","#CCEBC5","#FFED6F","#7f878f","#A65628","#FFFF33")
linepalette2 <- c("#E41A1C","#FF7F00","#377EB8","#B3DE69","#4DAF4A","#984EA3","#F781BF","#8DD3C7","#FB8072","#80B1D3","#FDB462","#FCCDE5","#D9D9D9","#BC80BD","#CCEBC5","#FFED6F","#7f878f","#A65628","#FFFF33")
